1 1 1 1 1 1 1 1 1 1 
0.912752 0.9 1 1 1 1 1 1 1 1 
0.9 1 0.9 1 1 1 1 1 1 1 
0.9 0.9 1 1 1 1 1 1 1 1 
0.9 1 0.9 1 1 1 1 1 1 1 
0.9 0.9 1 1 1 1 1 1 1 1 
0.9 1 0.9 1 1 1 1 1 1 1 
0.9 0.9 1 1 1 1 1 1 1 1 
0.904379 1 0.9 1 1 1 1 1 1 1 
0.9 0.9 1 1 1 1 1 1 1 1 
0.9 1 0.9 1 1 1 1 1 1 1 
0.9 0.9 1 1 1 1 1 1 1 1 
0.9 1 0.9 1 1 1 1 1 1 1 
0.9 0.9 1 1 1 1 1 1 1 1 
0.9 1 0.9 1 1 1 1 1 1 1 
0.9 0.9 1 1 1 1 1 1 1 1 
0.9 1 0.9 1 1 1 1 1 1 1 
0.925039 0.9 1 1 1 1 1 1 1 1 
0.923744 1 0.94228 1 1 1 1 1 1 1 
1 0.931326 1 1 1 1 1 1 0.9 1 
0.937566 0.92939 1 1 1 1 1 1 1 1 
0.94 1 0.938641 1 1 1 1 1 1 1 
0.940026 0.942294 1 1 1 1 1 1 1 1 
0.938189 1 0.931595 1 1 1 1 1 1 1 
0.928945 0.941677 1 1 1 1 1 1 1 1 
0.939725 1 0.953918 1 1 1 1 1 1 1 
0.993615 0.943641 1 1 1 1 1 1 1 1 
0.984652 1 1 1 1 1 1 1 1 1 
0.979239 1 1 1 1 1 1 1 1 1 
1 0.979951 1 1 1 1 1 1 1 1 
0.982866 1 1 1 1 1 1 1 1 1 
0.982263 1 1 1 1 1 1 1 1 1 
0.978539 1 1 1 1 1 1 1 1 1 
1 0.981014 1 1 1 1 1 1 1 1 
1 0.981643 1 1 1 1 1 1 1 1 
1 0.988689 1 1 1 1 1 1 1 1 
1 0.987408 1 1 1 1 1 1 1 1 
1 0.993609 1 1 1 1 1 1 1 0.934324 
1 0.983768 1 1 1 1 1 1 1 1 
1 0.981753 1 1 1 1 1 1 1 1 
1 0.988649 1 1 1 1 1 1 0.955494 1 
1 0.98262 1 1 1 1 1 1 1 1 
1 0.98142 1 1 1 1 1 1 1 1 
1 0.984492 1 1 1 1 1 1 1 1 
1 0.983071 1 1 1 1 1 1 1 1 
1 0.984493 1 1 1 1 1 1 1 1 
1 0.984558 1 1 1 1 1 1 1 1 
1 0.994173 1 1 0.9 1 1 1 1 1 
1 0.980682 1 1 1 1 1 1 1 1 
1 0.981891 1 1 1 1 1 1 1 1 
1 0.98726 1 1 1 1 1 1 1 1 
1 0.983989 1 1 1 1 1 1 1 1 
1 0.981845 1 1 1 1 1 1 1 1 
1 0.981374 1 1 1 1 1 1 1 1 
1 0.982955 1 1 1 1 1 1 1 1 
1 0.977633 1 1 1 1 1 1 1 1 
0.986165 1 1 1 1 1 1 1 1 1 
0.9829 1 1 1 1 1 1 1 1 1 
0.984445 1 1 1 1 1 1 1 1 1 
0.986047 1 1 1 1 0.9 1 1 1 1 
0.976713 1 1 1 1 1 1 1 1 1 
1 0.987498 1 1 1 1 1 1 1 1 
1 0.98434 1 1 1 1 1 1 1 1 
1 0.991042 1 1 1 1 0.9 1 1 1 
1 0.988621 1 0.991657 1 1 1 1 1 1 
1 0.980358 1 1 1 1 1 1 1 1 
0.985923 1 1 1 1 1 1 1 1 1 
0.981736 1 1 1 1 1 1 1 1 1 
0.983476 1 1 1 1 1 1 1 1 1 
0.978458 1 1 1 1 1 1 1 1 1 
1 0.977933 1 1 1 1 1 1 1 1 
1 0.99475 1 1 1 1 1 1 0.9 1 
1 0.99008 1 1 1 1 1 1 1 1 
1 0.992941 1 1 1 1 1 1 1 1 
1 0.993655 1 1 1 1 1 1 1 1 
1 0.999808 1 1 1 1 1 1 1 1 
1 0.999808 1 1 1 1 1 1 1 1 
1 0.999808 1 1 1 1 1 1 1 1 
1 0.999788 1 1 1 1 1 1 1 1 
1 0.999673 1 1 1 1 1 1 1 1 
1 0.999515 1 1 1 1 1 1 1 1 
1 0.999024 1 1 1 1 1 1 1 1 
1 0.999232 1 1 1 1 1 1 1 1 
1 0.997545 1 1 1 1 1 1 1 1 
1 0.996908 1 1 1 1 1 1 1 1 
0.997887 0.998791 1 1 1 1 1 1 1 1 
1 0.999398 1 1 1 1 1 1 1 1 
1 0.999616 1 1 1 1 1 1 1 1 
0.999899 0.999859 1 1 1 1 1 1 1 1 
1 0.999808 1 1 1 1 1 1 1 1 
1 0.999808 1 1 1 1 1 1 1 1 
1 1 1 1 1 1 1 1 1 1 
1 1 1 1 1 1 1 1 1 1 
1 1 1 1 1 1 1 1 1 1 
1 1 1 1 1 1 1 1 1 1 
1 1 1 1 1 1 1 1 1 1 
1 1 1 1 1 1 1 1 1 1 
1 1 1 1 1 1 1 1 1 1 
1 1 1 1 1 1 1 1 1 1 
1 1 1 1 1 1 1 1 1 1 
