1 1 1 1 1 1 1 1 1 1 
0.931235 0.972448 0.972448 0.944896 0.963264 1 0.958672 1 1 0.90816 
0.745227 0.703059 0.746705 0.940304 0.954769 1 0.972448 0.944896 0.963264 0.967856 
0.77395 0.799333 0.805942 0.826629 0.844729 0.837181 0.815953 0.849382 0.831244 0.82656 
0.719529 0.708967 0.703468 0.710272 0.701364 0.713455 0.665685 0.652655 0.679107 0.711989 
0.871048 0.861482 0.88171 0.926515 0.865083 0.864981 0.824165 0.844698 0.85715 0.839991 
0.929998 0.936915 0.934146 0.939795 0.913992 0.913333 0.919357 0.91716 0.947192 0.939937 
0.926204 0.89579 0.903863 0.820359 0.92538 0.923314 0.90219 0.875051 0.912017 0.892662 
0.973847 0.866832 0.865454 0.928824 0.869128 0.935712 0.933416 0.933416 1 1 
1 1 1 0.896221 1 1 1 1 1 1 
0.968633 0.862699 0.847454 0.9 0.81 0.9 0.9 0.9 0.920053 0.806524 
0.970062 0.966927 0.96988 0.95408 0.885659 0.935712 0.81 0.9 0.81 0.9 
0.999055 0.980259 0.978147 0.999095 1 1 0.926528 1 1 0.921936 
0.996526 0.994421 1 0.997232 1 1 0.912752 1 1 0.912752 
1 1 1 1 1 1 0.926528 0.859026 0.958672 1 
1 1 1 0.979336 0.954539 0.972448 0.9 0.81 0.829742 1 
1 1 1 1 0.960968 0.916426 0.9 1 0.9 0.777337 
1 1 1 0.939386 1 1 1 0.93686 1 0.958672 
1 1 1 0.944896 0.970152 0.910502 0.97704 1 1 0.972448 
1 1 1 1 1 1 1 1 1 1 
1 1 1 1 1 1 1 1 1 1 
1 1 1 1 1 1 1 1 1 1 
1 1 1 1 1 1 1 1 1 1 
1 1 1 1 1 1 1 1 1 1 
1 1 1 1 1 1 1 1 1 1 
1 1 1 1 1 1 1 1 1 1 
1 1 1 1 1 1 1 1 1 1 
1 1 1 1 1 1 1 1 1 1 
1 1 1 1 1 1 1 1 1 1 
1 1 1 1 1 1 1 1 1 1 
1 1 1 1 1 1 1 1 1 1 
1 1 1 1 1 1 1 1 1 1 
1 1 1 1 1 1 1 1 1 1 
1 1 1 1 1 1 1 1 1 1 
1 1 1 1 1 1 1 1 1 1 
1 1 1 1 1 1 1 1 1 1 
1 1 1 1 1 1 1 1 1 1 
1 1 1 1 1 1 1 1 1 1 
1 1 1 1 1 1 1 1 1 1 
1 1 1 1 1 1 1 1 1 1 
1 1 1 1 1 1 1 1 1 1 
1 1 1 1 1 1 1 1 1 1 
1 1 1 1 1 1 1 1 1 1 
1 1 1 1 1 1 1 1 1 1 
1 1 1 1 1 1 1 1 1 1 
1 1 1 1 1 1 1 1 1 1 
1 1 1 1 1 1 1 1 1 1 
1 1 1 1 1 1 1 1 1 1 
1 1 1 1 1 1 1 1 1 1 
1 1 1 1 1 1 1 1 1 1 
1 1 1 1 1 1 1 1 1 1 
1 1 1 1 1 1 1 1 1 1 
1 1 1 1 1 1 1 1 1 1 
1 1 1 1 1 1 1 1 1 1 
1 1 1 1 1 1 1 1 1 1 
1 1 1 1 1 1 1 1 1 1 
1 1 1 1 1 1 1 1 1 1 
1 1 1 1 1 1 1 1 1 1 
1 1 1 1 1 1 1 1 1 1 
1 1 1 1 1 1 1 1 1 1 
1 1 1 1 1 1 1 1 1 1 
1 1 1 1 1 1 1 1 1 1 
1 1 1 1 1 1 1 1 1 1 
1 1 1 1 1 1 1 1 1 1 
1 1 1 1 1 1 1 1 1 1 
1 1 1 1 1 1 1 1 1 1 
1 1 1 1 1 1 1 1 1 1 
1 1 1 1 1 1 1 1 1 1 
1 1 1 1 1 1 1 1 1 1 
1 1 1 1 1 1 1 1 1 1 
1 1 1 1 1 1 1 1 1 1 
1 1 1 1 1 1 1 1 1 1 
1 1 1 1 1 1 1 1 1 1 
1 1 1 1 1 1 1 1 1 1 
1 1 1 1 1 1 1 1 1 1 
1 1 1 1 1 1 1 1 1 1 
1 1 1 1 1 1 1 1 1 1 
1 1 1 1 1 1 1 1 1 1 
1 1 1 1 1 1 1 1 1 1 
1 1 1 1 1 1 1 1 1 1 
1 1 1 1 1 1 1 1 1 1 
1 1 1 1 1 1 1 1 1 1 
1 1 1 1 1 1 1 1 1 1 
1 1 1 1 1 1 1 1 1 1 
1 1 1 1 1 1 1 1 1 1 
1 1 1 1 1 1 1 1 1 1 
1 1 1 1 1 1 1 1 1 1 
1 1 1 1 1 1 1 1 1 1 
1 1 1 1 1 1 1 1 1 1 
1 1 1 1 1 1 1 1 1 1 
1 1 1 1 1 1 1 1 1 1 
1 1 1 1 1 1 1 1 1 1 
1 1 1 1 1 1 1 1 1 1 
1 1 1 1 1 1 1 1 1 1 
1 1 1 1 1 1 1 1 1 1 
1 1 1 1 1 1 1 1 1 1 
1 1 1 1 1 1 1 1 1 1 
1 1 1 1 1 1 1 1 1 1 
1 1 1 1 1 1 1 1 1 1 
1 1 1 1 1 1 1 1 1 1 
