1 1 1 1 1 1 1 1 1 1 
0.964412 0.947651 0.972448 0.944896 0.967856 1 1 1 1 0.958672 
0.745227 0.703059 0.687082 0.761647 0.92026 1 0.943059 0.856178 0.939386 0.967856 
0.727675 0.7194 0.805942 0.78427 0.803003 0.805264 0.790734 0.818524 0.788424 0.784208 
0.623578 0.631784 0.636149 0.650061 0.650674 0.665552 0.644012 0.574691 0.646908 0.641809 
0.842615 0.91996 0.817771 0.847816 0.82597 0.831681 0.82338 0.787646 0.814035 0.839991 
0.916549 0.927174 0.923014 0.924538 0.913992 0.913333 0.892981 0.91716 0.900055 0.909207 
0.903721 0.89579 0.904293 0.858916 0.88233 0.848327 0.875235 0.786058 0.928734 0.851524 
0.952641 0.815861 0.865454 0.928824 0.831703 0.868669 0.833103 0.933416 1 1 
0.993112 0.940304 0.949488 0.896221 1 0.944896 1 0.949488 1 1 
0.965179 0.819029 0.847454 0.9 0.729 0.9 0.9 0.729 0.886519 0.77536 
0.978516 0.973211 0.9683 0.95408 0.826564 0.935712 0.81 0.81 0.81 0.81 
0.978881 0.980259 0.97574 0.999095 1 1 0.926528 1 1 0.921936 
0.996873 0.990387 1 0.997232 1 1 0.77963 1 1 0.912752 
1 1 1 1 1 1 0.926528 0.662854 0.900813 0.91964 
1 1 1 0.979336 0.963177 0.943059 0.81 0.81 0.829742 0.938008 
1 1 1 1 0.960968 0.899527 0.9 1 0.9 0.697499 
1 1 1 0.939386 1 1 1 0.93686 1 0.958672 
1 1 1 0.899894 0.970152 0.910502 0.97704 0.940304 0.963264 0.882169 
1 1 1 1 1 1 1 1 1 1 
1 1 1 1 1 1 1 1 1 1 
1 1 1 1 1 1 1 1 1 1 
1 1 1 1 1 1 1 1 1 1 
1 1 1 1 1 1 1 1 1 1 
1 1 1 1 1 1 1 1 1 1 
1 1 1 1 1 1 1 1 1 1 
1 1 1 1 1 1 1 1 1 1 
1 1 1 1 1 1 1 1 1 1 
1 1 1 1 1 1 1 1 1 1 
1 1 1 1 1 1 1 1 1 1 
1 1 1 1 1 1 1 1 1 1 
1 1 1 1 1 1 1 1 1 1 
1 1 1 1 1 1 1 1 1 1 
1 1 1 1 1 1 1 1 1 1 
1 1 1 1 1 1 1 1 1 1 
1 1 1 1 1 1 1 1 1 1 
1 1 1 1 1 1 1 1 1 1 
1 1 1 1 1 1 1 1 1 1 
1 1 1 1 1 1 1 1 1 1 
1 1 1 1 1 1 1 1 1 1 
1 1 1 1 1 1 1 1 1 1 
1 1 1 1 1 1 1 1 1 1 
1 1 1 1 1 1 1 1 1 1 
1 1 1 1 1 1 1 1 1 1 
1 1 1 1 1 1 1 1 1 1 
1 1 1 1 1 1 1 1 1 1 
1 1 1 1 1 1 1 1 1 1 
1 1 1 1 1 1 1 1 1 1 
1 1 1 1 1 1 1 1 1 1 
1 1 1 1 1 1 1 1 1 1 
1 1 1 1 1 1 1 1 1 1 
1 1 1 1 1 1 1 1 1 1 
1 1 1 1 1 1 1 1 1 1 
1 1 1 1 1 1 1 1 1 1 
1 1 1 1 1 1 1 1 1 1 
1 1 1 1 1 1 1 1 1 1 
1 1 1 1 1 1 1 1 1 1 
1 1 1 1 1 1 1 1 1 1 
1 1 1 1 1 1 1 1 1 1 
1 1 1 1 1 1 1 1 1 1 
1 1 1 1 1 1 1 1 1 1 
1 1 1 1 1 1 1 1 1 1 
1 1 1 1 1 1 1 1 1 1 
1 1 1 1 1 1 1 1 1 1 
1 1 1 1 1 1 1 1 1 1 
1 1 1 1 1 1 1 1 1 1 
1 1 1 1 1 1 1 1 1 1 
1 1 1 1 1 1 1 1 1 1 
1 1 1 1 1 1 1 1 1 1 
1 1 1 1 1 1 1 1 1 1 
1 1 1 1 1 1 1 1 1 1 
1 1 1 1 1 1 1 1 1 1 
1 1 1 1 1 1 1 1 1 1 
1 1 1 1 1 1 1 1 1 1 
1 1 1 1 1 1 1 1 1 1 
1 1 1 1 1 1 1 1 1 1 
1 1 1 1 1 1 1 1 1 1 
1 1 1 1 1 1 1 1 1 1 
1 1 1 1 1 1 1 1 1 1 
1 1 1 1 1 1 1 1 1 1 
1 1 1 1 1 1 1 1 1 1 
1 1 1 1 1 1 1 1 1 1 
1 1 1 1 1 1 1 1 1 1 
1 1 1 1 1 1 1 1 1 1 
1 1 1 1 1 1 1 1 1 1 
1 1 1 1 1 1 1 1 1 1 
1 1 1 1 1 1 1 1 1 1 
1 1 1 1 1 1 1 1 1 1 
1 1 1 1 1 1 1 1 1 1 
1 1 1 1 1 1 1 1 1 1 
1 1 1 1 1 1 1 1 1 1 
1 1 1 1 1 1 1 1 1 1 
1 1 1 1 1 1 1 1 1 1 
1 1 1 1 1 1 1 1 1 1 
1 1 1 1 1 1 1 1 1 1 
1 1 1 1 1 1 1 1 1 1 
1 1 1 1 1 1 1 1 1 1 
1 1 1 1 1 1 1 1 1 1 
1 1 1 1 1 1 1 1 1 1 
1 1 1 1 1 1 1 1 1 1 
