1 1 1 1 1 1 1 1 1 1 
0.975892 0.944437 0.972448 0.972448 0.988955 1 1 0.93769 0.976084 0.940537 
0.94111 0.966648 0.972111 0.970669 0.980374 0.98302 1 1 1 1 
0.906099 0.903803 0.914645 0.9822 0.985292 0.979843 0.996867 1 1 0.947775 
1 1 0.860324 1 0.984602 1 0.981288 0.956828 1 0.970032 
0.852534 0.943067 0.94868 0.982037 0.981422 1 0.976461 1 0.968424 1 
0.863368 0.915103 0.93008 0.956275 0.948745 0.895664 0.95096 0.936968 0.912987 0.876655 
0.931703 0.874937 0.957632 0.95548 0.965176 0.972915 0.952529 0.920041 0.931405 0.904338 
0.977903 0.977615 0.976302 0.958176 0.977956 0.966828 0.942833 0.96544 0.95642 0.966831 
0.97303 0.949951 0.966065 0.957753 0.964079 0.973769 0.971405 0.968474 0.971307 0.911158 
0.964397 0.979481 0.974997 0.965652 0.980125 0.976869 0.964636 0.966932 0.914012 0.94106 
0.955792 0.976836 0.978509 0.973165 0.977081 0.975413 0.893465 0.96854 0.922535 0.952603 
0.975435 0.975866 0.937656 0.942636 0.937323 0.911843 0.92388 0.986896 0.952681 0.962355 
0.993002 0.992992 0.916203 1 0.944559 1 1 0.983674 1 1 
0.993792 1 1 1 1 1 0.933094 0.980409 0.997584 0.997519 
0.974388 0.973726 0.928603 0.927415 0.937822 0.94072 0.944443 0.985869 0.987108 0.998236 
0.980247 0.978268 0.940604 0.900925 0.9 0.9 0.911798 0.934859 0.912259 0.998539 
0.975931 0.980532 0.923009 0.949185 0.9 0.9 0.943789 0.944593 0.959911 0.955389 
0.978707 0.967462 0.9973 0.990274 0.94523 0.939885 0.905811 0.9 0.9 0.931172 
1 1 1 0.985569 1 0.941276 1 1 1 0.9213 
0.984153 0.997685 0.999192 0.98024 1 1 1 1 1 1 
0.977569 0.979121 0.99147 0.981828 1 1 1 0.934672 1 1 
0.985747 1 0.978547 0.980403 0.997483 1 0.99899 0.926879 1 1 
0.980313 0.982084 1 0.980235 1 1 1 0.922302 1 1 
0.987083 0.982222 1 1 1 1 1 1 1 0.934788 
0.997761 0.989651 1 1 1 1 1 1 1 1 
0.974934 0.976542 0.999221 0.999899 1 1 1 1 1 1 
1 0.997408 0.986472 1 1 1 1 1 1 1 
1 0.990541 0.987633 1 0.967336 1 1 1 1 1 
1 0.995553 0.986451 1 1 1 0.963062 1 1 1 
0.999899 0.974476 0.97844 0.999653 1 0.974643 1 1 1 0.999899 
0.999808 1 1 1 1 1 1 1 1 1 
1 1 1 1 1 1 1 1 1 1 
1 1 1 1 1 1 1 1 1 1 
1 1 1 1 1 1 1 1 1 1 
1 1 1 1 1 1 1 1 1 1 
1 1 1 1 1 1 1 1 1 1 
1 1 1 1 1 1 1 1 1 1 
1 1 1 1 1 1 1 1 1 1 
1 1 1 1 1 1 1 1 1 1 
1 1 1 1 1 1 1 1 1 1 
1 1 1 1 1 1 1 1 1 1 
1 1 1 1 1 1 1 1 1 1 
1 1 1 1 1 1 1 1 1 1 
1 1 1 1 1 1 1 1 1 1 
1 1 1 1 1 1 1 1 1 1 
1 1 1 1 1 1 1 1 1 1 
1 1 1 1 1 1 1 1 1 1 
1 1 1 1 1 1 1 1 1 1 
1 1 1 1 1 1 1 1 1 1 
1 1 1 1 1 1 1 1 1 1 
1 1 1 1 1 1 1 1 1 1 
1 1 1 1 1 1 1 1 1 1 
1 1 1 1 1 1 1 1 1 1 
1 1 1 1 1 1 1 1 1 1 
1 1 1 1 1 1 1 1 1 1 
1 1 1 1 1 1 1 1 1 1 
1 1 1 1 1 1 1 1 1 1 
1 1 1 1 1 1 1 1 1 1 
1 1 1 1 1 1 1 1 1 1 
1 1 1 1 1 1 1 1 1 1 
1 1 1 1 1 1 1 1 1 1 
1 1 1 1 1 1 1 1 1 1 
1 1 1 1 1 1 1 1 1 1 
1 1 1 1 1 1 1 1 1 1 
1 1 1 1 1 1 1 1 1 1 
1 1 1 1 1 1 1 1 1 1 
1 1 1 1 1 1 1 1 1 1 
1 1 1 1 1 1 1 1 1 1 
1 1 1 1 1 1 1 1 1 1 
1 1 1 1 1 1 1 1 1 1 
1 1 1 1 1 1 1 1 1 1 
1 1 1 1 1 1 1 1 1 1 
1 1 1 1 1 1 1 1 1 1 
1 1 1 1 1 1 1 1 1 1 
1 1 1 1 1 1 1 1 1 1 
1 1 1 1 1 1 1 1 1 1 
1 1 1 1 1 1 1 1 1 1 
1 1 1 1 1 1 1 1 1 1 
1 1 1 1 1 1 1 1 1 1 
1 1 1 1 1 1 1 1 1 1 
1 1 1 1 1 1 1 1 1 1 
1 1 1 1 1 1 1 1 1 1 
1 1 1 1 1 1 1 1 1 1 
1 1 1 1 1 1 1 1 1 1 
1 1 1 1 1 1 1 1 1 1 
1 1 1 1 1 1 1 1 1 1 
1 1 1 1 1 1 1 1 1 1 
1 1 1 1 1 1 1 1 1 1 
1 1 1 1 1 1 1 1 1 1 
1 1 1 1 1 1 1 1 1 1 
1 1 1 1 1 1 1 1 1 1 
1 1 1 1 1 1 1 1 1 1 
1 1 1 1 1 1 1 1 1 1 
1 1 1 1 1 1 1 1 1 1 
1 1 1 1 1 1 1 1 1 1 
1 1 1 1 1 1 1 1 1 1 
1 1 1 1 1 1 1 1 1 1 
1 1 1 1 1 1 1 1 1 1 
1 1 1 1 1 1 1 1 1 1 
