1 1 1 1 1 1 1 1 1 1 
0.964412 0.972448 0.972448 0.944896 0.963264 1 0.947192 1 1 1 
1 1 1 1 0.960968 1 1 1 0.96556 1 
1 0.940304 1 0.846274 1 1 1 1 0.970152 0.928824 
1 1 0.912752 1 1 1 1 0.9426 1 1 
0.935712 0.947192 0.949488 0.9426 0.958672 0.966708 0.924232 0.940304 0.884282 0.90816 
0.897369 0.944896 0.947192 0.885659 0.941682 0.906576 0.9426 0.91964 0.940304 0.852826 
0.917344 0.912752 0.900354 0.895302 0.89381 0.938926 0.86821 0.921936 0.893466 0.928824 
0.97811 0.978222 0.990816 0.976971 0.97704 0.96556 1 1 1 1 
0.970979 0.958948 0.978216 0.976351 0.97704 0.958672 0.958672 0.97704 0.995408 0.967856 
0.978877 0.976663 0.963631 0.984688 1 0.951784 1 1 0.96556 0.97704 
0.978418 0.978601 0.976948 0.975254 0.960968 0.973366 0.97704 0.972448 0.979336 0.949488 
0.978418 0.869128 0.935712 0.912752 0.93112 0.97704 0.866832 0.926528 1 1 
1 1 1 1 1 1 1 1 1 1 
1 1 1 1 1 1 1 1 1 1 
1 1 1 1 0.944896 1 1 1 1 1 
0.978352 0.9426 0.93112 1 1 1 1 1 0.97704 1 
0.977477 0.921936 0.928824 0.9 0.9 0.9 0.9 0.935712 0.905864 1 
0.979474 0.980368 0.986224 0.947192 1 1 1 1 0.9 1 
0.989389 1 1 1 0.949488 1 1 1 1 0.825048 
1 1 1 1 1 1 1 1 1 1 
0.989438 1 1 1 1 1 1 1 0.924232 1 
0.998109 1 1 1 1 1 1 1 0.933416 1 
1 1 1 1 1 1 1 1 1 1 
1 1 1 0.967856 1 1 1 1 1 1 
1 1 1 1 1 1 1 1 0.9 1 
1 1 1 1 0.958672 1 1 1 0.9 1 
1 1 1 1 1 1 1 1 1 1 
1 1 1 1 1 1 1 1 1 1 
1 1 1 1 1 1 1 1 1 0.97704 
1 1 1 1 1 0.972448 1 1 1 1 
1 1 1 1 1 1 1 1 1 1 
1 1 1 1 1 1 1 1 1 1 
1 1 1 1 1 1 1 1 1 1 
1 1 1 1 1 1 1 1 1 1 
1 1 1 1 1 1 1 1 1 1 
1 1 1 1 1 1 1 1 1 1 
1 1 1 1 1 1 1 1 1 1 
1 1 1 1 1 1 1 1 1 1 
1 1 1 1 1 1 1 1 1 1 
1 1 1 1 1 1 1 1 1 1 
1 1 1 1 1 1 1 1 1 1 
1 1 1 1 1 1 1 1 1 1 
1 1 1 1 1 1 1 1 1 1 
1 1 1 1 1 1 1 1 1 1 
1 1 1 1 1 1 1 1 1 1 
1 1 1 1 1 1 1 1 1 1 
1 1 1 1 1 1 1 1 1 1 
1 1 1 1 1 1 1 1 1 1 
1 1 1 1 1 1 1 1 1 1 
1 1 1 1 1 1 1 1 1 1 
1 1 1 1 1 1 1 1 1 1 
1 1 1 1 1 1 1 1 1 1 
1 1 1 1 1 1 1 1 1 1 
1 1 1 1 1 1 1 1 1 1 
1 1 1 1 1 1 1 1 1 1 
1 1 1 1 1 1 1 1 1 1 
1 1 1 1 1 1 1 1 1 1 
1 1 1 1 1 1 1 1 1 1 
1 1 1 1 1 1 1 1 1 1 
1 1 1 1 1 1 1 1 1 1 
1 1 1 1 1 1 1 1 1 1 
1 1 1 1 1 1 1 1 1 1 
1 1 1 1 1 1 1 1 1 1 
1 1 1 1 1 1 1 1 1 1 
1 1 1 1 1 1 1 1 1 1 
1 1 1 1 1 1 1 1 1 1 
1 1 1 1 1 1 1 1 1 1 
1 1 1 1 1 1 1 1 1 1 
1 1 1 1 1 1 1 1 1 1 
1 1 1 1 1 1 1 1 1 1 
1 1 1 1 1 1 1 1 1 1 
1 1 1 1 1 1 1 1 1 1 
1 1 1 1 1 1 1 1 1 1 
1 1 1 1 1 1 1 1 1 1 
1 1 1 1 1 1 1 1 1 1 
1 1 1 1 1 1 1 1 1 1 
1 1 1 1 1 1 1 1 1 1 
1 1 1 1 1 1 1 1 1 1 
1 1 1 1 1 1 1 1 1 1 
1 1 1 1 1 1 1 1 1 1 
1 1 1 1 1 1 1 1 1 1 
1 1 1 1 1 1 1 1 1 1 
1 1 1 1 1 1 1 1 1 1 
1 1 1 1 1 1 1 1 1 1 
1 1 1 1 1 1 1 1 1 1 
1 1 1 1 1 1 1 1 1 1 
1 1 1 1 1 1 1 1 1 1 
1 1 1 1 1 1 1 1 1 1 
1 1 1 1 1 1 1 1 1 1 
1 1 1 1 1 1 1 1 1 1 
1 1 1 1 1 1 1 1 1 1 
1 1 1 1 1 1 1 1 1 1 
1 1 1 1 1 1 1 1 1 1 
1 1 1 1 1 1 1 1 1 1 
1 1 1 1 1 1 1 1 1 1 
1 1 1 1 1 1 1 1 1 1 
1 1 1 1 1 1 1 1 1 1 
1 1 1 1 1 1 1 1 1 1 
1 1 1 1 1 1 1 1 1 1 
