1 1 1 1 1 1 1 1 1 1 
0.9 0.9 1 1 1 1 1 1 1 1 
0.9 0.81 0.59049 0.940189 0.990511 0.971163 0.959166 0.921814 0.922567 0.9 
0.9 0.9 1 0.936232 0.982946 1 0.936537 1 0.9 1 
0.81 0.9 0.839775 0.987755 0.971143 0.936587 0.935141 0.9 0.9 0.9 
0.929014 0.936428 0.936123 0.969703 0.984249 0.92521 1 1 1 0.9 
0.946906 0.979203 0.951311 0.986504 0.950497 0.866584 0.868252 0.929043 0.921387 0.922754 
0.99232 0.992592 0.934685 0.931945 0.919036 0.9 0.9 0.866813 0.935775 0.935691 
0.971398 0.952305 0.933065 0.942022 0.9 0.9 0.9 0.939883 0.92796 0.936601 
0.97852 0.981008 0.927878 0.933428 0.9 0.9 0.9 0.955661 1 0.994826 
0.968435 0.982701 0.929502 0.938476 0.9 0.9 0.9 0.955195 0.86502 0.97706 
0.989907 0.971664 0.933273 0.94896 0.9 0.9 0.9 1 0.9 1 
0.974063 0.979033 0.979202 0.988606 0.9 0.9 0.9 0.729 0.9 0.93269 
0.991064 0.992038 0.95755 0.989493 0.9 1 1 0.9 1 1 
0.979391 0.974205 0.978832 0.978692 0.9 0.81 0.9 0.9 0.9 0.930008 
0.990035 0.985056 0.997058 0.991866 0.908892 0.9 1 1 0.9 0.919453 
0.999454 0.995359 0.999606 0.999597 0.90737 0.910146 0.837733 0.9 0.9 1 
0.995922 0.99502 0.997656 0.997771 0.917738 0.917804 1 0.9 1 0.926993 
0.997582 0.994955 0.998783 0.998462 0.90685 0.919741 0.854731 0.90708 0.907141 1 
1 1 1 1 1 1 1 1 1 1 
1 1 1 1 1 1 1 1 1 1 
1 1 1 1 1 1 1 1 1 1 
1 1 1 1 1 1 1 1 1 1 
1 1 1 1 1 1 1 1 1 1 
1 1 1 1 1 1 1 1 1 1 
1 1 1 1 1 1 1 1 1 1 
1 1 1 1 1 1 1 1 1 1 
1 1 1 1 1 1 1 1 1 1 
1 1 1 1 1 1 1 1 1 1 
1 1 1 1 1 1 1 1 1 1 
1 1 1 1 1 1 1 1 1 1 
1 1 1 1 1 1 1 1 1 1 
1 1 1 1 1 1 1 1 1 1 
1 1 1 1 1 1 1 1 1 1 
1 1 1 1 1 1 1 1 1 1 
1 1 1 1 1 1 1 1 1 1 
1 1 1 1 1 1 1 1 1 1 
1 1 1 1 1 1 1 1 1 1 
1 1 1 1 1 1 1 1 1 1 
1 1 1 1 1 1 1 1 1 1 
1 1 1 1 1 1 1 1 1 1 
1 1 1 1 1 1 1 1 1 1 
1 1 1 1 1 1 1 1 1 1 
1 1 1 1 1 1 1 1 1 1 
1 1 1 1 1 1 1 1 1 1 
1 1 1 1 1 1 1 1 1 1 
1 1 1 1 1 1 1 1 1 1 
1 1 1 1 1 1 1 1 1 1 
1 1 1 1 1 1 1 1 1 1 
1 1 1 1 1 1 1 1 1 1 
1 1 1 1 1 1 1 1 1 1 
1 1 1 1 1 1 1 1 1 1 
1 1 1 1 1 1 1 1 1 1 
1 1 1 1 1 1 1 1 1 1 
1 1 1 1 1 1 1 1 1 1 
1 1 1 1 1 1 1 1 1 1 
1 1 1 1 1 1 1 1 1 1 
1 1 1 1 1 1 1 1 1 1 
1 1 1 1 1 1 1 1 1 1 
1 1 1 1 1 1 1 1 1 1 
1 1 1 1 1 1 1 1 1 1 
1 1 1 1 1 1 1 1 1 1 
1 1 1 1 1 1 1 1 1 1 
1 1 1 1 1 1 1 1 1 1 
1 1 1 1 1 1 1 1 1 1 
1 1 1 1 1 1 1 1 1 1 
1 1 1 1 1 1 1 1 1 1 
1 1 1 1 1 1 1 1 1 1 
1 1 1 1 1 1 1 1 1 1 
1 1 1 1 1 1 1 1 1 1 
1 1 1 1 1 1 1 1 1 1 
1 1 1 1 1 1 1 1 1 1 
1 1 1 1 1 1 1 1 1 1 
1 1 1 1 1 1 1 1 1 1 
1 1 1 1 1 1 1 1 1 1 
1 1 1 1 1 1 1 1 1 1 
1 1 1 1 1 1 1 1 1 1 
1 1 1 1 1 1 1 1 1 1 
1 1 1 1 1 1 1 1 1 1 
1 1 1 1 1 1 1 1 1 1 
1 1 1 1 1 1 1 1 1 1 
1 1 1 1 1 1 1 1 1 1 
1 1 1 1 1 1 1 1 1 1 
1 1 1 1 1 1 1 1 1 1 
1 1 1 1 1 1 1 1 1 1 
1 1 1 1 1 1 1 1 1 1 
1 1 1 1 1 1 1 1 1 1 
1 1 1 1 1 1 1 1 1 1 
1 1 1 1 1 1 1 1 1 1 
1 1 1 1 1 1 1 1 1 1 
1 1 1 1 1 1 1 1 1 1 
1 1 1 1 1 1 1 1 1 1 
1 1 1 1 1 1 1 1 1 1 
1 1 1 1 1 1 1 1 1 1 
1 1 1 1 1 1 1 1 1 1 
1 1 1 1 1 1 1 1 1 1 
1 1 1 1 1 1 1 1 1 1 
1 1 1 1 1 1 1 1 1 1 
1 1 1 1 1 1 1 1 1 1 
1 1 1 1 1 1 1 1 1 1 
