1 1 1 1 1 1 1 1 1 1 
0.964412 0.972448 0.963264 0.972448 0.944896 1 0.951784 1 1 1 
0.903568 0.879336 0.958672 1 0.960968 1 0.882215 0.96556 0.907012 0.884672 
1 0.940304 1 0.692826 0.949488 1 1 0.874294 0.921408 0.928824 
0.917344 1 0.866373 1 1 1 0.920558 0.907012 1 1 
0.774528 0.844262 0.766042 0.817778 0.820576 0.840562 0.7973 0.770551 0.749681 0.791064 
0.698665 0.692035 0.694137 0.684653 0.718991 0.711205 0.718457 0.671474 0.682289 0.701453 
0.694831 0.723144 0.675147 0.722351 0.71461 0.71637 0.714781 0.705779 0.699028 0.687291 
0.881296 0.940307 0.926197 0.934529 0.917344 0.872629 0.897657 0.942876 0.881058 0.914818 
0.950084 0.937355 0.943963 0.93606 0.9139 0.883409 0.932957 0.923314 0.919552 0.888217 
0.924946 0.926343 0.938512 0.93692 0.932727 0.915278 0.920145 0.904911 0.924347 0.917734 
0.929117 0.93707 0.948956 0.9313 0.918951 0.939293 0.938008 0.930844 0.946962 0.914543 
0.94125 0.785163 0.88779 0.912752 0.838008 0.915048 0.866832 0.874179 0.925061 0.988628 
0.978219 0.921936 0.865914 0.87349 0.848005 0.935712 0.935712 0.935712 1 1 
1 1 1 0.93112 1 0.912752 0.928824 0.754363 1 1 
1 1 0.870046 0.935712 0.904486 0.933416 1 0.93112 1 1 
0.974882 0.8309 0.876016 0.9 0.9 0.81 0.903568 0.811145 0.948133 0.884956 
0.978147 0.921936 0.85099 0.813568 0.9 0.757008 0.9 0.935712 0.85099 0.867636 
0.973855 0.96919 0.972506 0.947192 0.958672 0.963264 0.81 0.729 0.9 0.9 
0.977386 0.974115 0.975792 0.981538 0.949488 0.951784 0.746344 0.9 0.755295 0.669561 
1 1 1 1 1 1 1 1 1 0.848694 
0.98809 0.993112 1 0.992348 1 1 0.917344 0.905405 0.851449 1 
0.997759 0.999149 1 0.999872 1 1 0.912752 1 0.933416 0.912752 
1 1 1 1 1 1 1 0.870965 0.924232 1 
1 1 1 0.962379 0.95408 1 1 0.912752 1 1 
1 1 1 1 0.930431 0.9426 0.9 0.90816 0.9 0.730145 
1 1 1 0.970152 0.958672 0.937319 0.9 1 0.9 0.9 
1 1 1 1 0.960968 1 0.866376 0.924232 1 1 
1 1 1 0.958672 1 0.972448 1 0.958672 1 0.927676 
1 1 1 0.96556 1 0.943059 1 1 1 0.97704 
1 1 1 0.947192 0.920099 0.938467 0.95408 1 1 0.927446 
1 1 1 1 1 1 1 1 1 1 
1 1 1 1 1 1 1 1 1 1 
1 1 1 1 1 1 1 1 1 1 
1 1 1 1 1 1 1 1 1 1 
1 1 1 1 1 1 1 1 1 1 
1 1 1 1 1 1 1 1 1 1 
1 1 1 1 1 1 1 1 1 1 
1 1 1 1 1 1 1 1 1 1 
1 1 1 1 1 1 1 1 1 1 
1 1 1 1 1 1 1 1 1 1 
1 1 1 1 1 1 1 1 1 1 
1 1 1 1 1 1 1 1 1 1 
1 1 1 1 1 1 1 1 1 1 
1 1 1 1 1 1 1 1 1 1 
1 1 1 1 1 1 1 1 1 1 
1 1 1 1 1 1 1 1 1 1 
1 1 1 1 1 1 1 1 1 1 
1 1 1 1 1 1 1 1 1 1 
1 1 1 1 1 1 1 1 1 1 
1 1 1 1 1 1 1 1 1 1 
1 1 1 1 1 1 1 1 1 1 
1 1 1 1 1 1 1 1 1 1 
1 1 1 1 1 1 1 1 1 1 
1 1 1 1 1 1 1 1 1 1 
1 1 1 1 1 1 1 1 1 1 
1 1 1 1 1 1 1 1 1 1 
1 1 1 1 1 1 1 1 1 1 
1 1 1 1 1 1 1 1 1 1 
1 1 1 1 1 1 1 1 1 1 
1 1 1 1 1 1 1 1 1 1 
1 1 1 1 1 1 1 1 1 1 
1 1 1 1 1 1 1 1 1 1 
1 1 1 1 1 1 1 1 1 1 
1 1 1 1 1 1 1 1 1 1 
1 1 1 1 1 1 1 1 1 1 
1 1 1 1 1 1 1 1 1 1 
1 1 1 1 1 1 1 1 1 1 
1 1 1 1 1 1 1 1 1 1 
1 1 1 1 1 1 1 1 1 1 
1 1 1 1 1 1 1 1 1 1 
1 1 1 1 1 1 1 1 1 1 
1 1 1 1 1 1 1 1 1 1 
1 1 1 1 1 1 1 1 1 1 
1 1 1 1 1 1 1 1 1 1 
1 1 1 1 1 1 1 1 1 1 
1 1 1 1 1 1 1 1 1 1 
1 1 1 1 1 1 1 1 1 1 
1 1 1 1 1 1 1 1 1 1 
1 1 1 1 1 1 1 1 1 1 
1 1 1 1 1 1 1 1 1 1 
1 1 1 1 1 1 1 1 1 1 
1 1 1 1 1 1 1 1 1 1 
1 1 1 1 1 1 1 1 1 1 
1 1 1 1 1 1 1 1 1 1 
1 1 1 1 1 1 1 1 1 1 
1 1 1 1 1 1 1 1 1 1 
1 1 1 1 1 1 1 1 1 1 
1 1 1 1 1 1 1 1 1 1 
1 1 1 1 1 1 1 1 1 1 
1 1 1 1 1 1 1 1 1 1 
1 1 1 1 1 1 1 1 1 1 
1 1 1 1 1 1 1 1 1 1 
1 1 1 1 1 1 1 1 1 1 
1 1 1 1 1 1 1 1 1 1 
1 1 1 1 1 1 1 1 1 1 
1 1 1 1 1 1 1 1 1 1 
1 1 1 1 1 1 1 1 1 1 
1 1 1 1 1 1 1 1 1 1 
1 1 1 1 1 1 1 1 1 1 
