1 1 1 1 1 1 1 1 1 1 
0.975892 0.958672 0.96556 0.955181 0.993468 1 1 1 1 0.90308 
0.862398 0.966648 0.972111 0.947321 0.979178 0.98302 0.986493 1 0.973719 1 
0.906099 0.903803 0.914645 0.960111 0.982518 0.978932 0.978823 0.925172 0.96457 0.947775 
0.910908 0.942379 0.796614 0.951733 0.979985 0.983336 0.981288 0.956828 0.892607 0.93458 
0.807414 0.921776 0.94868 0.982037 0.970509 0.961518 0.977906 0.956843 0.968424 0.877172 
0.863368 0.868956 0.93008 0.94119 0.936471 0.895664 0.927438 0.864066 0.870723 0.876655 
0.931703 0.874937 0.911824 0.938096 0.951113 0.923378 0.92252 0.802523 0.859175 0.904338 
0.951853 0.947887 0.931015 0.952652 0.945589 0.932435 0.942833 0.941977 0.933005 0.930895 
0.948671 0.949951 0.951921 0.943623 0.9472 0.930171 0.943585 0.90293 0.926875 0.859264 
0.940104 0.935254 0.942605 0.936808 0.942394 0.941582 0.938507 0.932543 0.884363 0.94106 
0.95012 0.952512 0.956042 0.95347 0.951798 0.975413 0.893465 0.96854 0.922535 0.925666 
0.975435 0.968186 0.937656 0.825279 0.937323 0.789219 0.861471 0.987297 0.952681 0.965211 
0.993002 0.992992 0.812627 0.957531 0.881458 0.934672 0.944609 0.982891 0.998273 0.984719 
0.993504 0.977538 0.863521 0.88966 0.925619 0.943067 0.933094 0.980409 0.995289 0.976639 
0.974388 0.970751 0.928603 0.866043 0.937822 0.892011 0.899049 0.985869 0.984573 0.972927 
0.980247 0.973635 0.940604 0.791455 0.81 0.9 0.820618 0.934859 0.87698 0.977103 
0.975931 0.974989 0.923009 0.949185 0.81 0.9 0.863287 0.894091 0.883928 0.958028 
0.978707 0.970312 0.97866 0.988723 0.94523 0.90026 0.905811 0.81 0.9 0.853843 
0.986976 1 0.980022 0.982324 0.999232 0.889112 1 0.9 1 0.9213 
0.989518 0.996589 0.998465 0.979653 0.996998 0.979798 0.999192 0.945464 0.852701 0.92795 
0.978903 0.97415 0.99147 0.985194 0.979409 0.996574 0.980186 0.934672 0.943871 0.943871 
0.984655 0.993789 0.978547 0.984169 0.98823 0.978199 0.99798 0.871225 0.930833 0.94687 
0.980577 0.979048 0.980354 0.986875 0.986177 0.998081 0.998236 0.922302 0.927632 0.927748 
0.988072 0.98304 0.996937 0.99318 0.973167 0.979593 0.965705 0.960646 0.930817 0.934788 
0.997761 0.989651 0.998737 0.998771 1 0.949525 1 0.816405 1 0.931019 
0.974934 0.976542 0.998975 0.973259 0.970051 0.972347 0.956275 0.9 0.9 0.846435 
1 0.997465 0.994931 0.999616 1 0.961925 0.927903 1 0.95666 0.999798 
1 0.991083 0.978812 0.999596 0.921866 0.968074 1 0.925333 0.920583 1 
0.988304 0.995796 0.996944 1 1 1 0.929818 0.95847 0.923159 1 
0.977147 0.979133 0.975211 0.999474 0.936337 0.974643 0.956275 0.940112 0.970051 0.999141 
0.999586 1 1 1 1 1 1 1 1 1 
1 1 1 1 1 1 1 1 1 1 
1 1 1 1 1 1 1 1 1 1 
1 1 1 1 1 1 1 1 1 1 
1 1 1 1 1 1 1 1 1 1 
1 1 1 1 1 1 1 1 1 1 
1 1 1 1 1 1 1 1 1 1 
1 1 1 1 1 1 1 1 1 1 
1 1 1 1 1 1 1 1 1 1 
1 1 1 1 1 1 1 1 1 1 
1 1 1 1 1 1 1 1 1 1 
1 1 1 1 1 1 1 1 1 1 
1 1 1 1 1 1 1 1 1 1 
1 1 1 1 1 1 1 1 1 1 
1 1 1 1 1 1 1 1 1 1 
1 1 1 1 1 1 1 1 1 1 
1 1 1 1 1 1 1 1 1 1 
1 1 1 1 1 1 1 1 1 1 
1 1 1 1 1 1 1 1 1 1 
1 1 1 1 1 1 1 1 1 1 
1 1 1 1 1 1 1 1 1 1 
1 1 1 1 1 1 1 1 1 1 
1 1 1 1 1 1 1 1 1 1 
1 1 1 1 1 1 1 1 1 1 
1 1 1 1 1 1 1 1 1 1 
1 1 1 1 1 1 1 1 1 1 
1 1 1 1 1 1 1 1 1 1 
1 1 1 1 1 1 1 1 1 1 
1 1 1 1 1 1 1 1 1 1 
1 1 1 1 1 1 1 1 1 1 
1 1 1 1 1 1 1 1 1 1 
1 1 1 1 1 1 1 1 1 1 
1 1 1 1 1 1 1 1 1 1 
1 1 1 1 1 1 1 1 1 1 
1 1 1 1 1 1 1 1 1 1 
1 1 1 1 1 1 1 1 1 1 
1 1 1 1 1 1 1 1 1 1 
1 1 1 1 1 1 1 1 1 1 
1 1 1 1 1 1 1 1 1 1 
1 1 1 1 1 1 1 1 1 1 
1 1 1 1 1 1 1 1 1 1 
1 1 1 1 1 1 1 1 1 1 
1 1 1 1 1 1 1 1 1 1 
1 1 1 1 1 1 1 1 1 1 
1 1 1 1 1 1 1 1 1 1 
1 1 1 1 1 1 1 1 1 1 
1 1 1 1 1 1 1 1 1 1 
1 1 1 1 1 1 1 1 1 1 
1 1 1 1 1 1 1 1 1 1 
1 1 1 1 1 1 1 1 1 1 
1 1 1 1 1 1 1 1 1 1 
1 1 1 1 1 1 1 1 1 1 
1 1 1 1 1 1 1 1 1 1 
1 1 1 1 1 1 1 1 1 1 
1 1 1 1 1 1 1 1 1 1 
1 1 1 1 1 1 1 1 1 1 
1 1 1 1 1 1 1 1 1 1 
1 1 1 1 1 1 1 1 1 1 
1 1 1 1 1 1 1 1 1 1 
1 1 1 1 1 1 1 1 1 1 
1 1 1 1 1 1 1 1 1 1 
1 1 1 1 1 1 1 1 1 1 
1 1 1 1 1 1 1 1 1 1 
1 1 1 1 1 1 1 1 1 1 
1 1 1 1 1 1 1 1 1 1 
1 1 1 1 1 1 1 1 1 1 
1 1 1 1 1 1 1 1 1 1 
1 1 1 1 1 1 1 1 1 1 
1 1 1 1 1 1 1 1 1 1 
