1 1 1 1 1 1 1 1 1 1 
0.964412 0.972448 0.972448 0.877072 0.963264 1 0.947192 0.938008 1 0.944896 
0.82803 0.767008 0.746705 0.940304 0.970152 1 0.972448 1 0.963264 0.967856 
0.859944 0.858672 0.855811 0.876246 0.868294 0.888876 0.87969 0.849382 0.831244 0.883822 
0.780728 0.772508 0.745026 0.744409 0.777023 0.773785 0.665685 0.765064 0.679107 0.759072 
0.938356 0.861482 0.878771 0.881779 0.888359 0.895899 0.90157 0.909078 0.887198 0.903848 
0.951933 0.947252 0.961509 0.942113 0.932498 0.929214 0.957983 0.928365 0.947192 0.939937 
0.928567 0.89579 0.903863 0.805501 0.92538 0.923314 0.90219 0.899435 0.912017 0.929561 
0.997704 1 1 1 0.93112 1 0.933416 0.933416 1 1 
1 1 1 0.935712 1 1 1 1 1 1 
0.97839 0.862699 0.921936 0.9 0.81 0.9 0.9 0.9 0.949488 0.806524 
0.978201 0.979559 0.96988 0.95408 0.949488 0.935712 0.9 0.9 0.81 0.9 
0.999055 0.995408 0.978147 0.999095 1 1 0.926528 1 1 0.921936 
0.996526 0.993112 1 0.996924 1 1 1 1 1 1 
1 1 1 1 1 1 1 0.859026 0.958672 1 
1 1 1 0.979336 0.949488 1 0.9 0.9 0.921936 1 
1 1 1 1 0.960968 0.963264 1 1 1 0.777337 
1 1 1 0.963264 1 1 1 0.93686 1 0.958672 
1 1 1 1 0.970152 0.926069 1 1 1 0.972448 
1 1 1 1 1 1 1 1 1 1 
1 1 1 1 1 1 1 1 1 1 
1 1 1 1 1 1 1 1 1 1 
1 1 1 1 1 1 1 1 1 1 
1 1 1 1 1 1 1 1 1 1 
1 1 1 1 1 1 1 1 1 1 
1 1 1 1 1 1 1 1 1 1 
1 1 1 1 1 1 1 1 1 1 
1 1 1 1 1 1 1 1 1 1 
1 1 1 1 1 1 1 1 1 1 
1 1 1 1 1 1 1 1 1 1 
1 1 1 1 1 1 1 1 1 1 
1 1 1 1 1 1 1 1 1 1 
1 1 1 1 1 1 1 1 1 1 
1 1 1 1 1 1 1 1 1 1 
1 1 1 1 1 1 1 1 1 1 
1 1 1 1 1 1 1 1 1 1 
1 1 1 1 1 1 1 1 1 1 
1 1 1 1 1 1 1 1 1 1 
1 1 1 1 1 1 1 1 1 1 
1 1 1 1 1 1 1 1 1 1 
1 1 1 1 1 1 1 1 1 1 
1 1 1 1 1 1 1 1 1 1 
1 1 1 1 1 1 1 1 1 1 
1 1 1 1 1 1 1 1 1 1 
1 1 1 1 1 1 1 1 1 1 
1 1 1 1 1 1 1 1 1 1 
1 1 1 1 1 1 1 1 1 1 
1 1 1 1 1 1 1 1 1 1 
1 1 1 1 1 1 1 1 1 1 
1 1 1 1 1 1 1 1 1 1 
1 1 1 1 1 1 1 1 1 1 
1 1 1 1 1 1 1 1 1 1 
1 1 1 1 1 1 1 1 1 1 
1 1 1 1 1 1 1 1 1 1 
1 1 1 1 1 1 1 1 1 1 
1 1 1 1 1 1 1 1 1 1 
1 1 1 1 1 1 1 1 1 1 
1 1 1 1 1 1 1 1 1 1 
1 1 1 1 1 1 1 1 1 1 
1 1 1 1 1 1 1 1 1 1 
1 1 1 1 1 1 1 1 1 1 
1 1 1 1 1 1 1 1 1 1 
1 1 1 1 1 1 1 1 1 1 
1 1 1 1 1 1 1 1 1 1 
1 1 1 1 1 1 1 1 1 1 
1 1 1 1 1 1 1 1 1 1 
1 1 1 1 1 1 1 1 1 1 
1 1 1 1 1 1 1 1 1 1 
1 1 1 1 1 1 1 1 1 1 
1 1 1 1 1 1 1 1 1 1 
1 1 1 1 1 1 1 1 1 1 
1 1 1 1 1 1 1 1 1 1 
1 1 1 1 1 1 1 1 1 1 
1 1 1 1 1 1 1 1 1 1 
1 1 1 1 1 1 1 1 1 1 
1 1 1 1 1 1 1 1 1 1 
1 1 1 1 1 1 1 1 1 1 
1 1 1 1 1 1 1 1 1 1 
1 1 1 1 1 1 1 1 1 1 
1 1 1 1 1 1 1 1 1 1 
1 1 1 1 1 1 1 1 1 1 
1 1 1 1 1 1 1 1 1 1 
1 1 1 1 1 1 1 1 1 1 
1 1 1 1 1 1 1 1 1 1 
1 1 1 1 1 1 1 1 1 1 
1 1 1 1 1 1 1 1 1 1 
1 1 1 1 1 1 1 1 1 1 
1 1 1 1 1 1 1 1 1 1 
1 1 1 1 1 1 1 1 1 1 
1 1 1 1 1 1 1 1 1 1 
1 1 1 1 1 1 1 1 1 1 
1 1 1 1 1 1 1 1 1 1 
1 1 1 1 1 1 1 1 1 1 
1 1 1 1 1 1 1 1 1 1 
1 1 1 1 1 1 1 1 1 1 
1 1 1 1 1 1 1 1 1 1 
1 1 1 1 1 1 1 1 1 1 
1 1 1 1 1 1 1 1 1 1 
1 1 1 1 1 1 1 1 1 1 
1 1 1 1 1 1 1 1 1 1 
